100
    1       2
    1       6
    1      15
    1      24
    1      31
    1      41
    1      61
    1      83
    2      14
    2      26
    2      29
    2      52
    2      80
    2      96
    3       6
    3      28
    3      49
    3      75
    4      32
    5      48
    5      75
    6      59
    6      71
    6     100
    7      49
    8      21
    8      68
    9      10
    9      42
    9      43
    9      67
    9      68
    9      72
    9      74
    9      85
   10      12
   10      29
   10      65
   10      77
   10      81
   11      12
   11      13
   11      50
   12      37
   12      73
   13      18
   13      24
   13      32
   13      55
   13      80
   14      18
   14      41
   14      47
   14      59
   14      68
   14      96
   15      22
   15      29
   15      73
   17      19
   17      27
   17      61
   17      95
   18      25
   18      26
   18      28
   18      29
   18      30
   18      66
   18      89
   18      97
   19      48
   19      65
   19      73
   19      89
   20      30
   20      60
   21      67
   21      91
   22      25
   22      27
   22      32
   23      38
   23      48
   24      26
   24      43
   25      94
   26      43
   26      44
   26      51
   26      66
   26      82
   26      95
   27      71
   27      73
   28      75
   29      41
   30      32
   30      34
   30      92
   31      46
   31      48
   31     100
   32      46
   32      49
   33      39
   33      43
   34      36
   34      89
   35      36
   35      46
   37      60
   37      92
   37     100
   38      45
   39      59
   39      74
   39      84
   39     100
   40      70
   40      84
   40      89
   41      67
   42      48
   42      49
   42      54
   42      65
   43      65
   43      69
   44      60
   44      71
   44      81
   46      65
   46      72
   46      77
   47      48
   47      49
   47      51
   47      79
   48      49
   49      77
   49      82
   49      93
   51      69
   51      77
   52      65
   54      69
   54      87
   54      97
   55      65
   55      66
   55      93
   55      96
   56      62
   56      73
   56      85
   57      72
   59      77
   60      82
   61      62
   61      63
   62      63
   63      85
   65      72
   65      90
   66      79
   66      80
   70      71
   70      72
   70      74
   71      82
   73      91
   74      80
   74      88
   75      97
   77      85
   77      90
   80      87
   80      91
   80      98
   81      82
   81      83
   82      86
   82      90
   84      86
   85      87
   85      90
   86      87
   86     100
   87      88
   87      89
   88      89
   88      90
   89     100
   90      92
   94      95
