1000
    1     531
    1     626
    1     788
    1     802
    1     909
    1     926
    1     986
    2     133
    2     277
    2     320
    2     353
    2     369
    2     376
    2     446
    2     512
    2     822
    2     851
    2     947
    3     274
    3     345
    3     348
    3     421
    3     427
    3     434
    3     742
    3     896
    4     251
    5     198
    5     263
    5     265
    5     504
    5     667
    5     692
    5     750
    5     752
    5     877
    5     947
    5     974
    6      96
    6     105
    6     139
    6     369
    6     495
    6     593
    6     730
    6     825
    6     921
    7     163
    7     274
    7     527
    7     603
    7     872
    8      53
    8     132
    9      98
    9     273
    9     302
    9     764
    9     837
    9     889
   10     103
   10     383
   10     473
   10     505
   10     590
   10     897
   11      67
   11      68
   11     296
   11     349
   11     671
   11     702
   11     730
   12     233
   12     243
   12     362
   12     476
   12     807
   12     879
   13      65
   13     219
   13     278
   13     333
   13     708
   13     729
   14      19
   14      47
   14      71
   14     147
   14     353
   14     486
   14     597
   15     213
   15     711
   15     897
   15     905
   15     945
   15     960
   16     173
   16     319
   16     605
   16     753
   16     779
   16     892
   17     213
   17     359
   17     487
   17     802
   17     843
   17     859
   17     905
   17     999
   18     200
   18     446
   18     476
   18     561
   18     577
   18     613
   18     673
   18     713
   18     908
   19     230
   19     399
   19     408
   19     462
   19     789
   19     846
   20     116
   20     399
   20     861
   20     933
   20     952
   21     156
   21     201
   21     947
   22     216
   22     313
   22     338
   22     372
   22     452
   22     644
   23     281
   23     471
   23     579
   23     695
   23     718
   23     723
   23     804
   23     927
   23     990
   24     187
   24     206
   24     354
   24     526
   25     356
   25     543
   25     563
   25     700
   26      91
   26     423
   26     445
   26     678
   26     748
   26     766
   26     767
   26     787
   27     124
   27     278
   27     940
   27     954
   28      68
   28     166
   28     313
   28     316
   28     350
   28     378
   28     509
   28     767
   28     981
   29      37
   29      38
   29     123
   29     467
   29     686
   29     803
   29     848
   30     272
   30     349
   30     431
   30     660
   30     759
   30     894
   30     993
   31     422
   31     674
   32      95
   32     322
   32     325
   32     363
   32     623
   32     919
   32     944
   32     960
   33      62
   33      80
   33     166
   33     238
   33     256
   33     276
   33     322
   33     586
   33     654
   33     875
   34     208
   34     431
   34     506
   34     578
   34     710
   34     727
   35      46
   35      65
   35     176
   35     233
   35     303
   35     404
   35     620
   36     170
   36     188
   36     367
   36     407
   36     412
   36     720
   36     870
   36     905
   36     932
   37     495
   37     516
   37     849
   37     864
   38     674
   38     893
   38     989
   39     179
   39     355
   39     367
   39     475
   39     733
   39     922
   39     933
   39     943
   40      48
   40      50
   40     198
   40     225
   40     321
   40     732
   40     973
   41     132
   41     176
   41     218
   41     249
   41     386
   42     570
   43     331
   43     399
   43     431
   43     543
   43     673
   43     699
   44      52
   44      84
   44     182
   44     237
   44     565
   44     974
   45      74
   45     164
   45     255
   45     414
   45     457
   45     718
   45     781
   45     848
   45     892
   45     951
   46      88
   46     171
   46     299
   46     330
   46     575
   46     597
   46     821
   46     966
   47     174
   47     376
   47     398
   47     423
   47     474
   47     763
   48     214
   48     367
   48     677
   48     680
   48     751
   49     258
   49     342
   49     514
   49     543
   49     860
   49     866
   49     867
   49     878
   49     944
   50     116
   50     122
   50     148
   50     251
   50     501
   50     605
   50     722
   51     339
   51     692
   51     976
   51    1000
   52     127
   52     209
   52     368
   52     424
   52     614
   52     969
   53     239
   53     299
   53     497
   53     652
   53     794
   53     934
   54     116
   54     215
   54     531
   54     555
   54     819
   54     850
   55     129
   55     292
   55     512
   55     561
   55     683
   55     697
   55     792
   55     840
   56     108
   56     173
   56     265
   56     320
   56     377
   56     386
   56     485
   56     779
   56     869
   57     145
   57     208
   57     224
   57     336
   57     643
   57     924
   58     246
   58     384
   58     766
   58     879
   58     954
   59     543
   59     622
   59     725
   60     174
   60     371
   60     620
   60     719
   60     726
   60     775
   60     989
   61      93
   61     277
   61     288
   61     528
   61     563
   61     597
   61     703
   61     918
   62     278
   62     280
   62     540
   62     567
   62     725
   62     992
   63     162
   63     173
   63     197
   63     312
   63     423
   63     432
   63     464
   63     594
   63     615
   63     684
   63     791
   63     908
   63     970
   64     470
   64     496
   64     530
   64     599
   64     721
   64     837
   64     909
   65     212
   65     858
   65     947
   66     196
   66     522
   66     688
   67      84
   67      95
   67     512
   67     566
   67     614
   67     859
   67     938
   68     321
   68     394
   68     445
   68     557
   68     907
   68     919
   68     942
   69     213
   69     288
   69     302
   69     542
   69     889
   70      76
   71     253
   71     336
   71     516
   71     600
   71     673
   71     770
   71     820
   71     867
   72      87
   72     232
   72     400
   72     430
   72     527
   72     688
   72     965
   73      91
   73     194
   73     303
   73     360
   73     976
   74     278
   74     337
   74     446
   74     452
   74     467
   74     537
   74     817
   74     855
   75     132
   75     164
   75     551
   75     552
   75     674
   75     956
   76     124
   76     212
   76     460
   77     314
   77     784
   77     855
   77     971
   78     321
   78     329
   78     345
   78     373
   78     407
   78     446
   79     240
   79     389
   79     412
   79     920
   80     406
   80     695
   80     785
   80     965
   80     967
   81     368
   81     452
   81     456
   81     609
   81     720
   81     761
   81     839
   82     300
   82     599
   82     760
   82     801
   82     831
   82     986
   83     253
   83     288
   83     454
   83     668
   83     672
   84     293
   84     445
   84     615
   84     799
   84     812
   84     961
   85      96
   85     553
   85     683
   85     731
   86     199
   86     336
   86     421
   86     560
   86     717
   86     964
   87     150
   87     423
   87     457
   87     709
   87     826
   87     852
   87     959
   87     978
   88     209
   88     312
   88     683
   88     796
   89     126
   89     143
   89     639
   89     811
   89     813
   90     214
   90     444
   91     251
   91     317
   91     361
   91     446
   91     497
   91     603
   91     762
   91     764
   91     857
   91     892
   92     117
   92     151
   93     343
   93     601
   93     881
   94     407
   94     539
   94     802
   94     872
   94     890
   95     639
   95     771
   95     863
   95     942
   95     967
   95     979
   96     162
   96     363
   96     823
   96     869
   97     160
   97     180
   97     834
   97     903
   98     106
   98     538
   98     881
   98     900
   98     964
   99     413
   99     423
   99     642
   99     821
   99     924
  100     326
  100     384
  100     406
  100     420
  100     439
  100     741
  100     800
  101     622
  101     664
  102     173
  102     216
  102     423
  102     440
  102     683
  102     873
  102     875
  103     165
  103     310
  103     525
  103     558
  103     571
  103     876
  103     993
  104     108
  104     148
  104     253
  104     269
  104     374
  104     387
  104     863
  104     899
  105     407
  105     495
  105     854
  105     923
  106     980
  107     110
  107     125
  107     214
  107     530
  107     856
  108     141
  108     287
  108     496
  108     514
  108     708
  108     734
  109     120
  109     184
  109     727
  109     729
  110     414
  110     667
  110     928
  110     981
  111     168
  111     937
  112     205
  112     380
  112     382
  112     423
  112     854
  113     124
  113     299
  113     303
  113     420
  113     516
  113     915
  114     586
  114     951
  115     786
  115     788
  115     803
  116     233
  116     303
  116     409
  116     594
  116     668
  116     810
  116     839
  116     852
  116     925
  117     686
  117     777
  118     155
  118     325
  118     356
  118     689
  118     737
  118     901
  118     987
  119     506
  119     550
  119     739
  119     780
  119     784
  119     869
  120     219
  120     798
  121     184
  121     308
  121     673
  121     825
  121     911
  122     641
  122     736
  123     168
  123     213
  123     379
  123     421
  123     536
  123     820
  124     276
  124     664
  124     722
  124     839
  124     840
  124     970
  125     171
  125     340
  125     664
  125     715
  125     987
  126     149
  126     198
  126     333
  126     661
  126     736
  126     755
  126     758
  126     832
  127     318
  127     356
  127     652
  127     951
  128     215
  128     458
  128     694
  128     864
  129     181
  129     357
  129     736
  130     222
  130     550
  130     561
  130     860
  130     905
  131     145
  131     162
  131     224
  131     306
  131     332
  131     459
  131     496
  131     581
  132     245
  132     257
  132     258
  132     339
  132     375
  132     505
  132     643
  132     653
  132     890
  133     843
  134     273
  134     446
  134     642
  134     679
  134     949
  135     139
  135     468
  135     486
  135     620
  135     840
  136     238
  136     593
  137     415
  137     566
  137     589
  137     744
  137     762
  137     814
  137     857
  137     859
  138     228
  138     293
  138     315
  138     330
  138     472
  138     476
  138     927
  139     362
  139     511
  139     855
  140     301
  140     732
  140     841
  140     939
  140     945
  141     419
  141     428
  141     434
  141     497
  141     710
  141     844
  142     285
  142     313
  142     440
  142     623
  142     677
  142     717
  142     792
  143     166
  143     321
  143     515
  144     224
  144     226
  144     369
  144     464
  144     544
  144     649
  144     756
  144     834
  144     912
  145     439
  145     440
  145     488
  145     634
  145     693
  145     742
  145     816
  146     518
  146     531
  146     562
  146     599
  147     426
  147     497
  147     498
  147     684
  148     170
  148     265
  148     284
  148     882
  148     938
  148     945
  149     330
  150     153
  150     188
  150     381
  150     607
  150     631
  150     725
  150     800
  150     904
  150     956
  151     166
  151     200
  151     256
  151     402
  151     433
  152     235
  152     236
  152     259
  152     435
  152     529
  152     775
  153     178
  153     536
  153     605
  153     689
  153     788
  154     199
  154     310
  154     313
  154     346
  154     446
  154     589
  154     620
  154     669
  154     711
  154     807
  155     432
  155     437
  155     611
  155     672
  155     903
  155     925
  156     394
  156     682
  156     749
  157     288
  157     438
  157     754
  158     195
  158     383
  158     532
  158     627
  158     648
  158     765
  158     848
  159     509
  159     823
  160     265
  160     317
  160     397
  161     167
  161     554
  161     634
  162     171
  162     391
  162     737
  162     898
  163     208
  163     282
  163     387
  163     517
  163     587
  163     596
  163     800
  163     873
  163     948
  164     236
  164     452
  164     591
  164     664
  164     693
  164     730
  165     169
  165     272
  165     292
  165     303
  165     377
  165     385
  165     413
  165     555
  165     622
  165     677
  166     908
  167     363
  167     496
  167     520
  167     770
  167     846
  167     899
  167     926
  168     192
  168     377
  168     490
  168     924
  168     942
  169     239
  169     252
  169     479
  169     817
  169     907
  169     947
  170     284
  170     489
  171     183
  171     789
  171     876
  171     884
  171     971
  171     987
  172     221
  172     827
  173     583
  173     591
  173     799
  173     851
  173     858
  174     190
  174     562
  174     772
  175     215
  175     273
  175     288
  175     633
  175     714
  175     771
  175     989
  176     256
  176     436
  176     512
  176     716
  176     786
  176     891
  176     928
  177     398
  177     454
  177     711
  178     484
  178     699
  178     850
  179     475
  179     540
  179     660
  180     414
  180     674
  180     910
  180     945
  181     330
  181     393
  181     464
  181     517
  181     614
  181     845
  181     885
  181     977
  182     595
  182     641
  182     715
  182     838
  183     325
  183     489
  183     508
  183     582
  183     601
  183     635
  183     681
  183     846
  184     212
  184     249
  184     339
  184     384
  184     663
  184     714
  184     930
  184     943
  185     188
  185     293
  185     388
  185     502
  185     572
  185     616
  185     735
  185     803
  186     259
  186     354
  186     376
  186     432
  187     242
  187     394
  187     408
  187     520
  187     677
  187     803
  188     308
  188     404
  188     728
  188     734
  188     974
  189     348
  189     496
  189     605
  189     730
  189     997
  190     212
  190     422
  190     468
  190     767
  190     788
  190     880
  191     210
  191     612
  191     988
  192     275
  192     529
  192     618
  192     770
  192     790
  192     831
  193     598
  193     984
  194     261
  194     739
  194     754
  194     788
  194     811
  194     892
  194     966
  195     784
  195     868
  195     884
  196     249
  196     391
  196     426
  196     448
  196     841
  196     892
  197     215
  197     272
  197     891
  198     462
  198     536
  198     845
  198     850
  198     943
  199     274
  199     379
  200     339
  200     401
  200     467
  200     658
  200     666
  200     710
  200     740
  200     929
  200     958
  201     651
  201     662
  201     672
  201     814
  201     834
  202     234
  202     271
  202     381
  202     871
  202     928
  203     455
  203     614
  203     692
  203     808
  203     849
  203     918
  204     288
  204     655
  204     823
  204     944
  204     971
  205     243
  205     427
  205     742
  205     763
  205     884
  205     924
  205     995
  206     232
  206     361
  206     387
  206     643
  206     684
  206     715
  206     815
  206     957
  207     254
  207     485
  207     578
  207     818
  207     865
  207     955
  208     326
  208     667
  208     978
  209     322
  209     606
  209     752
  209     930
  210     242
  210     384
  210     503
  210     787
  211     220
  211     304
  211     315
  211     394
  211     430
  211     516
  211     613
  211     665
  212     439
  212     516
  212     583
  212     690
  213     996
  214     338
  214     391
  214     638
  214     713
  214     772
  214     908
  215     247
  215     333
  215     349
  215     459
  215     536
  215     679
  215     783
  216     282
  216     552
  216     623
  216     865
  217     301
  217     503
  217     623
  217     759
  217     958
  218     474
  218     497
  218     607
  218     900
  218     913
  219     369
  219     384
  219     559
  219     563
  219     636
  219     783
  219     812
  220     445
  220     748
  221     257
  221     449
  221     611
  221     710
  222     223
  222     224
  222     225
  222     479
  223     310
  223     372
  223     850
  224     307
  224     353
  224     553
  224     611
  224     852
  224     857
  224     912
  224     961
  225     262
  225     356
  225     403
  226     459
  226     496
  226     641
  227     301
  227     372
  227     404
  227     742
  227     758
  227     921
  227     951
  228     253
  228     541
  228     671
  228     893
  229     369
  229     462
  229     673
  230     241
  230     257
  230     323
  230     348
  230     366
  230     531
  230     605
  230     620
  230     788
  230     810
  230     927
  230     953
  230     961
  231     289
  231     320
  231     382
  231     826
  232     287
  232     367
  232     706
  232     734
  232     800
  232     855
  233     348
  233     772
  234     335
  234     423
  234     620
  234     643
  234     832
  235     598
  235     789
  235     797
  236     424
  236     537
  236     608
  236     678
  236     793
  236     799
  236     834
  236     884
  236     894
  237     242
  237     536
  237     702
  237     917
  238     239
  238     261
  238     392
  238     499
  238     608
  238     716
  238     784
  238     841
  239     367
  239     463
  240     373
  240     549
  240     728
  240     857
  240     983
  240     987
  241     260
  241     273
  241     367
  241     565
  241     803
  241     854
  242     340
  242     363
  242     938
  242     966
  242     976
  243     561
  243     934
  244     368
  244     480
  244     488
  244     532
  244     954
  245     389
  245     482
  246     280
  246     384
  246     793
  246     837
  246     882
  246     973
  247     318
  247     329
  247     506
  247     522
  247     543
  247     567
  247     659
  247     756
  247     814
  248     557
  248     753
  248     824
  248     908
  248     927
  248     965
  248     969
  249     314
  249     622
  249     661
  249     684
  249     687
  250     358
  250     408
  251     353
  251     696
  251     884
  252     404
  252     427
  252     479
  252     597
  252     666
  252     980
  252     988
  253     532
  253     541
  253     736
  254     258
  254     781
  255     460
  255     697
  256     366
  256     540
  256     595
  257     638
  257     700
  257     934
  257     935
  258     453
  258     563
  258     648
  259     300
  259     473
  260     355
  260     733
  260     824
  260     927
  261     744
  261     831
  261     866
  261     986
  262     605
  263     266
  263     459
  263     558
  263     749
  263     849
  263     931
  263     955
  264     367
  264     659
  265     427
  265     528
  265     559
  265     581
  265     906
  265     913
  265     970
  266     585
  266     738
  266     764
  266     945
  267     283
  267     396
  267     479
  267     532
  267     569
  267     637
  267     682
  267     924
  267     953
  268     412
  268     505
  268     627
  268     784
  268     827
  268     871
  268     873
  269     300
  269     534
  269     685
  269     764
  269     795
  269     818
  269     824
  270     764
  271     337
  271     796
  271     815
  272     505
  272     646
  273     685
  274     366
  274     398
  274     407
  274     408
  274     519
  274     532
  274     620
  274     801
  274     847
  274     943
  275     276
  275     277
  275     278
  275     290
  275     342
  275     958
  277     337
  277     684
  277     731
  277     902
  278     509
  278     659
  278     679
  278     698
  278     758
  278     822
  278     837
  278     974
  279     489
  279     608
  279     695
  279     886
  280     321
  280     557
  280     715
  281     378
  281     533
  281     658
  282     293
  282     588
  282     861
  283     515
  283     576
  284     294
  284     385
  284     604
  284     632
  285     391
  285     425
  285     505
  285     698
  285     834
  285     856
  285     876
  285     914
  286     478
  286     869
  287     442
  287     446
  287     492
  287     647
  287     659
  287     924
  287     974
  287     986
  288     482
  288     740
  288     742
  288     926
  288     952
  289     778
  290     505
  290     599
  290     726
  290     927
  291     507
  291     544
  291     634
  291     782
  291     841
  291     892
  291     914
  292     317
  292     448
  292     565
  292     598
  292     644
  292     781
  292     918
  292     926
  293     628
  293     727
  293     929
  293     989
  294     375
  294     634
  294     681
  295     519
  295     745
  295     916
  296     373
  296     615
  296     921
  297     809
  297     865
  298     468
  299     300
  299     422
  299     562
  299     672
  299     872
  299     984
  300     309
  300     462
  300     738
  301     562
  301     710
  301     728
  301     956
  301     983
  302     470
  302     573
  302     659
  302     791
  302     817
  303     389
  303     617
  303     922
  303     965
  304     325
  304     551
  304     659
  304     809
  304     907
  305     418
  305     527
  305     694
  305     739
  306     498
  306     591
  306     668
  306     780
  306     889
  307     395
  307     424
  307     923
  308     477
  308     493
  308     573
  309     474
  309     960
  310     620
  310     703
  310     862
  311     815
  311     852
  312     478
  312     629
  312     677
  312     879
  313     382
  313     480
  313     495
  313     555
  314     540
  314     840
  314     878
  315     373
  315     386
  315     754
  316     371
  316     402
  316     565
  316     858
  317     519
  317     540
  317     585
  318     657
  318     765
  318     789
  318     850
  319     873
  320     405
  320     826
  321     339
  321     581
  321     658
  321     773
  321     835
  321     839
  323     330
  323     455
  323     479
  323     499
  323     608
  323     623
  323     657
  323     726
  323     804
  323     998
  324     528
  324     701
  324     829
  324     831
  324     883
  325     870
  325     997
  326     710
  326     746
  326     846
  326     923
  327     420
  327     447
  327     773
  328     355
  328     403
  329     377
  329     420
  329     615
  329     628
  329     775
  329     801
  329     856
  329     994
  330     341
  330     343
  330     424
  330     986
  330     990
  331     371
  331     436
  332     356
  332     453
  332     627
  332     697
  332     857
  333     380
  333     615
  333     624
  334     438
  334     450
  334     471
  334     725
  334     921
  335     505
  335     554
  335     847
  335     891
  336     524
  336     525
  336     660
  336     908
  337     482
  337     891
  338     624
  338     726
  338     940
  339     387
  339     416
  339     527
  340     392
  340     592
  340     740
  341     342
  342     579
  344     346
  344     387
  344     786
  344     796
  344     873
  345     351
  345     553
  345     608
  346     585
  346     751
  346     828
  346     839
  346     997
  347     363
  347     568
  347     745
  347     928
  348     734
  348     746
  349     676
  349     983
  350     488
  351     383
  351     390
  351     551
  351     979
  352     380
  352     446
  352     849
  352     854
  352     973
  353     360
  353     511
  353     818
  353     832
  354     760
  354     771
  354     894
  354     902
  355     786
  355     814
  355     845
  356     611
  356     857
  357     386
  357     467
  358     409
  358     417
  358     448
  358     668
  358     924
  358     976
  359     384
  359     504
  359     574
  359     921
  359     940
  360     575
  360     650
  360     658
  360     685
  360     984
  361     381
  361     393
  361     775
  361     808
  362     475
  362     711
  362     775
  362     787
  362     927
  363     874
  364     482
  364     890
  364     999
  365     432
  365     501
  365     558
  365     653
  365     688
  365     745
  366     406
  366     543
  366     658
  366     708
  366     759
  367     403
  367     519
  367     955
  368     497
  368     508
  369     644
  369     783
  369     839
  369     919
  370     602
  370     735
  370     803
  370     848
  371     517
  371     525
  371     532
  371     730
  371     832
  371     951
  372     516
  372     869
  372     898
  373     448
  373     606
  373     885
  374     407
  374     419
  374     443
  374     503
  374     594
  374     606
  374     743
  374     919
  375     523
  375     679
  375     687
  375     737
  376     579
  376     970
  376     991
  377     864
  378     432
  378     525
  378     592
  378     710
  378     888
  378     922
  378     936
  380     435
  380     447
  380     543
  380     646
  380     664
  380     742
  380     754
  380     823
  381     748
  381     775
  382     419
  382     486
  382     665
  382     802
  382     875
  382     918
  382     956
  383     596
  383     820
  384     535
  384     584
  384     690
  384     733
  384     752
  384     788
  384     987
  385     394
  385     440
  385     452
  385     655
  385     962
  385     976
  386     511
  386     667
  386     733
  386     773
  387     460
  387     661
  388     585
  388     799
  389     472
  389     631
  391     461
  391     464
  391     880
  391     903
  392     568
  393     454
  394     495
  395     809
  395     815
  396     792
  396     873
  396     945
  397     546
  398     505
  398     580
  398     613
  398     810
  398     830
  399     433
  399     533
  399     606
  399     754
  399     872
  400     540
  400     610
  400     867
  401     408
  401     418
  401     450
  401     756
  402     464
  402     506
  402     554
  402     833
  402     978
  403     584
  403     833
  404     424
  404     492
  404     558
  404     751
  404     763
  405     526
  405     554
  405     713
  405     725
  405     942
  406     494
  406     576
  406     587
  406     597
  406     843
  406     847
  407     482
  407     784
  407     843
  408     746
  408     880
  409     630
  409     690
  409     696
  409     768
  409     884
  409     892
  409     927
  410     456
  410     785
  411     489
  411     536
  411     562
  411     973
  412     414
  412     467
  412     514
  412     554
  412     577
  412     790
  412     959
  412     973
  413     657
  414     445
  415     890
  415     911
  415     995
  416     600
  416     924
  417     527
  417     924
  418     485
  418     641
  418     686
  418     831
  419     769
  420     489
  420     666
  420     691
  420     879
  421     529
  421     729
  421     847
  422     548
  422     603
  422     782
  422     800
  422     844
  423     505
  423     651
  423     654
  423     838
  423     886
  423     924
  423     995
  424     556
  424     592
  424     763
  424     809
  425     518
  425     605
  425     625
  425     842
  425     881
  425     918
  426     537
  426     542
  426     903
  426     919
  427     441
  427     915
  427     927
  428     512
  428     980
  429     770
  429     980
  430     570
  430     713
  430    1000
  431     570
  431     797
  432     677
  433     478
  433     552
  434     665
  434     799
  434     930
  435     436
  435     449
  435     577
  435     619
  435     902
  436     574
  436     762
  436     781
  437     634
  437     673
  437     701
  437     810
  437     899
  438     708
  439     674
  439     796
  439     799
  439     833
  440     621
  440     776
  441     468
  441     677
  441     690
  441     872
  442     554
  442     944
  443     465
  443     482
  443     581
  443     615
  443     623
  443     627
  445     567
  445     725
  445     736
  445     756
  446     503
  446     509
  446     545
  446     585
  446     649
  446     659
  446     755
  446     842
  446     893
  446     927
  446     964
  447     534
  447     640
  447     741
  447     885
  448     535
  448     572
  448     772
  449     731
  449     742
  450     657
  450     683
  450     707
  450     715
  450     940
  451     480
  451     512
  451     602
  451     661
  451     798
  452     467
  452     667
  453     524
  453     547
  453     549
  453     648
  453     702
  453     876
  454     881
  454     945
  455     480
  455     587
  455     730
  456     498
  456     526
  456     590
  456     808
  456     985
  457     475
  457     974
  458     461
  458     909
  459     461
  459     547
  459     661
  460     461
  460     464
  460     816
  460     983
  461     491
  462     496
  462     565
  462     758
  463     718
  463     854
  464     656
  464     776
  464     791
  464     880
  464     933
  464     942
  465     689
  466     474
  466     501
  466     526
  466     782
  467     574
  467     607
  467     824
  467     986
  468     671
  468     734
  469     540
  469     691
  469     846
  469     980
  469     988
  470     512
  470     798
  470     853
  470     895
  471     482
  471     535
  471     691
  471     767
  471     837
  472     482
  472     495
  472     882
  473     544
  473     906
  475     512
  475     539
  475     642
  475     767
  475     819
  476     916
  476     937
  477     555
  477     644
  477     704
  477     715
  477     768
  478     616
  478     854
  479     713
  479     887
  480     577
  480     780
  480     878
  480     932
  481     578
  481     691
  481     765
  482     580
  482     990
  483     543
  483     553
  483     656
  484     622
  484     869
  486     571
  486     617
  486     699
  486     762
  488     694
  488     749
  488     822
  488     839
  489     689
  489     990
  490     493
  490     647
  490     818
  490     898
  490     916
  491     493
  491     795
  492     493
  492     711
  493     572
  493     613
  493     665
  493     728
  493     754
  494     568
  494     625
  495     615
  495     953
  495     972
  496     582
  496     680
  496     922
  496     938
  496     975
  497     729
  497     751
  498     544
  498     660
  498     752
  499     510
  499     521
  499     644
  499     960
  500     686
  500     808
  502     525
  502     678
  502     727
  502     834
  503     604
  503     995
  504     556
  504     577
  504     800
  505     636
  505     639
  505     662
  506     742
  506     847
  507     709
  507     880
  507     915
  508     794
  508     824
  508     846
  508     949
  509     662
  509     681
  511     614
  511     693
  511     814
  511     870
  512     607
  512     648
  512     651
  512     757
  512     761
  512     961
  513     904
  513     959
  514     546
  514     558
  514     692
  515     598
  515     617
  515     962
  516     643
  516     811
  516     918
  517     642
  517     941
  518     672
  519     673
  519     758
  519     819
  519     899
  519     937
  519     987
  520     771
  521     635
  521     966
  522     578
  522     614
  522     782
  523     539
  523     796
  523     903
  524     567
  524     915
  525     845
  525     922
  526     534
  526     605
  526     627
  526     817
  526     965
  527     742
  527     952
  528     749
  528     871
  528     921
  528     934
  529     579
  529     599
  529     701
  529     858
  529     901
  530     549
  530     571
  530     942
  531     711
  531     736
  532     654
  532     865
  532     933
  533     729
  533     873
  533     945
  534     788
  534     795
  534     894
  535     646
  535     704
  535     908
  536     591
  536     918
  537     787
  537     990
  538     559
  538     758
  538     860
  538     916
  539     614
  539     846
  540     666
  540     756
  540     851
  540     901
  540     996
  541     563
  542     958
  543     571
  543     687
  543     780
  543     792
  543     809
  544     636
  544     647
  544     763
  544     942
  544     974
  545     880
  545     894
  546     777
  546     872
  549     614
  550     960
  551     753
  551     853
  552     720
  553     653
  553     806
  553     899
  554     681
  554     716
  555     914
  555     979
  556     579
  556     590
  556     616
  556     720
  556     974
  557     607
  557     779
  557     824
  558     680
  558     864
  558     968
  559     626
  560     710
  560     719
  560     799
  561     742
  561     807
  561     957
  562     674
  562     864
  562     935
  563     844
  563     851
  564     883
  565     731
  565     777
  565     945
  567     594
  567     603
  567     713
  567     797
  568     768
  569     586
  569     829
  569     853
  570     611
  570     798
  570     844
  571     899
  572     688
  572     797
  573     723
  573     791
  574     622
  574     873
  575     583
  575     644
  575     729
  575     898
  575     969
  576     721
  576     957
  576     985
  577     645
  577     866
  577     995
  578     629
  578     681
  578     854
  578     908
  578     938
  579     584
  579     920
  580     641
  580     706
  582     671
  582     782
  583     704
  583     960
  583     961
  584     588
  584     620
  584     938
  585     774
  585     859
  585     887
  586     820
  587     667
  587     762
  587     990
  588     818
  588     932
  589     593
  589     607
  589     850
  590     612
  590     626
  590     708
  590     778
  590     794
  590     817
  590     871
  590     899
  591     717
  591     766
  591     851
  592     845
  592     909
  593     663
  594     715
  594     737
  594     902
  594     979
  595     825
  597     755
  598     753
  598     875
  598     961
  598     980
  599     683
  599     842
  600     687
  600     824
  600     867
  601     802
  601     893
  601     942
  601     950
  602     731
  602     929
  602     959
  603     617
  603     661
  603     768
  603     797
  603     840
  603     865
  603     874
  604     697
  604     745
  604     897
  605     779
  605     809
  606     746
  606     844
  606     894
  606     936
  607     636
  607     647
  607     655
  607     842
  608     660
  608     927
  608     954
  609     651
  609     914
  610     897
  611     861
  611     952
  612     736
  612     821
  613     622
  613     761
  613     762
  613     774
  613     865
  613     938
  613     972
  613     976
  615     665
  615     739
  615     797
  615     906
  615     920
  615     996
  616     617
  616     712
  616     724
  617     660
  617     693
  617     778
  618     636
  618     650
  618     741
  619     809
  620     648
  620     735
  620     797
  620     940
  620     972
  621     789
  623     669
  624     627
  624     972
  625     627
  625     784
  626     627
  626     650
  626     720
  626     767
  626     773
  626     870
  626     882
  627     884
  628     866
  628     954
  629     733
  630     631
  630     632
  630     633
  630     750
  630     867
  630     916
  631     768
  632     687
  632     722
  633     683
  633     703
  633     953
  633     980
  634     692
  634     725
  634     977
  635     688
  635     735
  635     755
  636     939
  637     687
  637     703
  637     758
  637     826
  637     995
  638     935
  639     669
  639     715
  639     852
  640     686
  641     704
  641     859
  641     930
  642     718
  642     810
  642     875
  643     751
  644     701
  644     730
  644     799
  645     646
  645     647
  645     648
  646     660
  646     713
  647     968
  648     775
  648     932
  648     936
  648     947
  648     976
  649     686
  649     730
  650     772
  650     829
  651     736
  652     846
  652     864
  652     893
  652     904
  653     986
  654     713
  654     983
  655     988
  656     810
  657     674
  657     859
  658     851
  660     793
  661     814
  661     887
  661     996
  662     901
  663     725
  663     822
  664     852
  664     898
  665     980
  666     698
  666     732
  666     890
  667     781
  667     843
  667     882
  668     936
  668     969
  669     790
  669     896
  670     770
  671     697
  671     728
  671     738
  672     721
  672     850
  672     946
  673     694
  673     873
  673     947
  674     734
  674     822
  674     843
  674     888
  674     897
  675     691
  675     720
  676     677
  676     930
  676     994
  677     680
  678     680
  679     680
  679     706
  679     844
  679     896
  680     793
  680     996
  681     714
  681     758
  681     847
  682     857
  683     718
  683     862
  683     941
  684     944
  685     751
  686     747
  686     755
  686     771
  686     912
  686     950
  687     913
  687     919
  689     833
  690     770
  690     787
  691     702
  692     963
  693     757
  693     867
  694     715
  694     875
  695     716
  695     780
  695     829
  696     759
  697     942
  698     932
  699     734
  699     833
  699     940
  700     875
  701     995
  702     814
  703     871
  704     837
  704     874
  704     959
  706     833
  706     850
  707     920
  708     738
  708     783
  708     829
  709     716
  709     737
  709     816
  710     764
  715     716
  715     725
  715     987
  716     902
  716     964
  716     974
  717     789
  718     780
  718     811
  718     978
  719     768
  720     848
  721     950
  723     744
  723     784
  723     795
  723     920
  723     926
  724     976
  724     984
  725     897
  726     756
  726     759
  727     808
  727     936
  729     837
  729     850
  729     881
  729     923
  729     976
  730     769
  730     893
  731     777
  731     932
  732     852
  733     758
  734     906
  735     861
  735     867
  735     984
  737     792
  737     857
  737     952
  739     748
  739     767
  740     833
  741     759
  741     883
  742     869
  743     772
  743     857
  743     995
  744     993
  745     826
  747     756
  747     825
  748     896
  751     961
  752     765
  752     874
  752     967
  754     906
  754     973
  755     759
  755     795
  755     961
  755     997
  757     824
  757     838
  759     763
  759     835
  759     839
  759     933
  760     871
  761     766
  762     808
  762     861
  762     867
  763     908
  765     797
  765     991
  766     781
  766     909
  767     852
  768     885
  768     911
  768     966
  771     793
  772     823
  772     966
  772     985
  773     797
  774     776
  774     784
  774     831
  774     941
  775     946
  776     780
  776     807
  776     916
  778     962
  780     839
  780     877
  780     911
  781     884
  783     902
  784     825
  785     930
  787     881
  787     882
  788     792
  788     825
  789     850
  790     954
  790     971
  790    1000
  793     889
  794     816
  794     820
  794     900
  794     915
  795     913
  797     855
  798     994
  799     902
  801     939
  803     882
  803     978
  804     986
  805     913
  806     849
  809     834
  811     969
  819     829
  819     915
  819     987
  820     884
  820     906
  820     935
  822     923
  822     972
  824     964
  825     831
  828     933
  830     935
  830     988
  834     899
  835     920
  836     936
  836     978
  837     910
  839     856
  841     864
  842     986
  843     944
  846     902
  848     851
  848     882
  850     856
  850     884
  852     888
  853     867
  853     910
  853     986
  854     937
  854     984
  857     864
  857     869
  857     918
  857     935
  858     879
  860     863
  860     947
  860     975
  861     934
  861     986
  862     913
  863     943
  864     880
  864     956
  865     941
  865     984
  866     901
  868     885
  869     895
  869     934
  870     998
  872     947
  873     923
  874     877
  875     877
  875     895
  875     977
  876     877
  877     954
  877     959
  879     919
  879     971
  884     939
  889     907
  889     937
  891     899
  891     928
  893     983
  894     901
  896     965
  900    1000
  901     906
  901     913
  901     999
  902     974
  903     972
  904     910
  904     914
  906     946
  910     978
  912     978
  915     975
  916     933
  919     961
  921     989
  921     990
  925     926
  925     927
  925     928
  926     929
  926     953
  927     929
  928     929
  929     930
  929     931
  929     932
  929     956
  929     986
  933     970
  934     958
  934     997
  935     992
  936     940
  938     989
  946     954
  946     959
  956     962
  957     970
  960     996
  967     993
  970     980
  975     982
  975     995
  983     989
  999    1000
